 1 0.00011 0.00011 1000 1.00749e-08 1000 0 2.02238e-10 9.41206e-07 0.00014195
 2 0.000231 0.000121 1000 3.32088e-08 1000 0 3.62292e-10 1.6543e-06 0.000257716
 3 0.0003641 0.0001331 1000 7.59425e-08 1000 0 5.26444e-10 2.43509e-06 0.000389724
 4 0.00051051 0.00014641 1000 1.44884e-07 1000 0 7.16747e-10 3.30044e-06 0.000538301
 5 0.000671561 0.000161051 1000 2.47947e-07 1000 0 9.21619e-10 4.26332e-06 0.000704198
 6 0.000848717 0.000177156 1000 3.94695e-07 1000 0 1.15483e-09 5.36301e-06 0.000888477
 7 0.00104359 0.000194872 1000 5.96646e-07 1000 0 1.40214e-09 6.56114e-06 0.00109238
 8 0.00125795 0.000214359 1000 8.67723e-07 1000 0 1.68919e-09 7.88972e-06 0.00131736
 9 0.00149374 0.000235795 1000 1.22472e-06 1000 0 2.00001e-09 9.32316e-06 0.00156507
 10 0.00175312 0.000259374 1000 1.6881e-06 1000 0 2.34179e-09 1.0949e-05 0.00183744
