 -4.9500000E-01 -4.9500000E-01 -4.9500000E-01 -2.4750000E+00  2.4750000E+00  0.0000000E+00 -3.3177859E+00  9.9999998E-03  9.9999993E-07  1.0000000E+00
 -4.9500000E-01 -4.8500001E-01 -4.9500000E-01 -2.4250001E+00  2.4750000E+00  0.0000000E+00 -9.5921967E+00  9.9999998E-03  9.9999993E-07  1.0000000E+00
 -4.9500000E-01 -4.7499999E-01 -4.9500000E-01 -2.3750000E+00  2.4750000E+00  0.0000000E+00 -1.5011070E+01  9.9999998E-03  9.9999993E-07  1.0000000E+00
 -4.9500000E-01 -4.6500000E-01 -4.9500000E-01 -2.3250000E+00  2.4750000E+00  0.0000000E+00 -1.9561706E+01  9.9999998E-03  9.9999993E-07  1.0000000E+00
 -4.9500000E-01 -4.5500001E-01 -4.9500000E-01 -2.2750001E+00  2.4750000E+00  0.0000000E+00 -2.3565678E+01  9.9999998E-03  9.9999993E-07  1.0000000E+00
 -4.9500000E-01 -4.4499999E-01 -4.9500000E-01 -2.2250000E+00  2.4750000E+00  0.0000000E+00 -2.7322266E+01  9.9999998E-03  9.9999993E-07  1.0000000E+00
 -4.9500000E-01 -4.3500000E-01 -4.9500000E-01 -2.1750000E+00  2.4750000E+00  0.0000000E+00 -3.0897892E+01  9.9999998E-03  9.9999993E-07  1.0000000E+00
 -4.9500000E-01 -4.2500001E-01 -4.9500000E-01 -2.1250001E+00  2.4750000E+00  0.0000000E+00 -3.4206845E+01  9.9999998E-03  9.9999993E-07  1.0000000E+00
 -4.9500000E-01 -4.1500002E-01 -4.9500000E-01 -2.0750001E+00  2.4750000E+00  0.0000000E+00 -3.7212015E+01  9.9999998E-03  9.9999993E-07  1.0000000E+00
 -4.9500000E-01 -4.0500000E-01 -4.9500000E-01 -2.0250000E+00  2.4750000E+00  0.0000000E+00 -3.9998283E+01  9.9999998E-03  9.9999993E-07  1.0000000E+00
 -4.9500000E-01 -3.9500001E-01 -4.9500000E-01 -1.9750001E+00  2.4750000E+00  0.0000000E+00 -4.2672431E+01  9.9999998E-03  9.9999993E-07  1.0000000E+00
 -4.9500000E-01 -3.8499999E-01 -4.9500000E-01 -1.9250000E+00  2.4750000E+00  0.0000000E+00 -4.5250833E+01  9.9999998E-03  9.9999993E-07  1.0000000E+00
 -4.9500000E-01 -3.7500000E-01 -4.9500000E-01 -1.8750000E+00  2.4750000E+00  0.0000000E+00 -4.7675390E+01  9.9999998E-03  9.9999993E-07  1.0000000E+00
 -4.9500000E-01 -3.6500001E-01 -4.9500000E-01 -1.8250000E+00  2.4750000E+00  0.0000000E+00 -4.9916426E+01  9.9999998E-03  9.9999993E-07  1.0000000E+00
 -4.9500000E-01 -3.5500002E-01 -4.9500000E-01 -1.7750001E+00  2.4750000E+00  0.0000000E+00 -5.2020732E+01  9.9999998E-03  9.9999993E-07  1.0000000E+00
 -4.9500000E-01 -3.4500000E-01 -4.9500000E-01 -1.7250000E+00  2.4750000E+00  0.0000000E+00 -5.4053105E+01  9.9999998E-03  9.9999993E-07  1.0000000E+00
 -4.9500000E-01 -3.3500001E-01 -4.9500000E-01 -1.6750000E+00  2.4750000E+00  0.0000000E+00 -5.6020717E+01  9.9999998E-03  9.9999993E-07  1.0000000E+00
 -4.9500000E-01 -3.2499999E-01 -4.9500000E-01 -1.6249999E+00  2.4750000E+00  0.0000000E+00 -5.7879776E+01  9.9999998E-03  9.9999993E-07  1.0000000E+00
 -4.9500000E-01 -3.1500000E-01 -4.9500000E-01 -1.5750000E+00  2.4750000E+00  0.0000000E+00 -5.9606388E+01  9.9999998E-03  9.9999993E-07  1.0000000E+00
 -4.9500000E-01 -3.0500001E-01 -4.9500000E-01 -1.5250000E+00  2.4750000E+00  0.0000000E+00 -6.1233103E+01  9.9999998E-03  9.9999993E-07  1.0000000E+00
 -4.9500000E-01 -2.9500002E-01 -4.9500000E-01 -1.4750001E+00  2.4750000E+00  0.0000000E+00 -6.2807111E+01  9.9999998E-03  9.9999993E-07  1.0000000E+00
 -4.9500000E-01 -2.8500003E-01 -4.9500000E-01 -1.4250001E+00  2.4750000E+00  0.0000000E+00 -6.4332380E+01  9.9999998E-03  9.9999993E-07  1.0000000E+00
 -4.9500000E-01 -2.7500001E-01 -4.9500000E-01 -1.3750000E+00  2.4750000E+00  0.0000000E+00 -6.5773185E+01  9.9999998E-03  9.9999993E-07  1.0000000E+00
 -4.9500000E-01 -2.6499999E-01 -4.9500000E-01 -1.3249999E+00  2.4750000E+00  0.0000000E+00 -6.7109323E+01  9.9999998E-03  9.9999993E-07  1.0000000E+00
 -4.9500000E-01 -2.5500000E-01 -4.9500000E-01 -1.2750000E+00  2.4750000E+00  0.0000000E+00 -6.8366122E+01  9.9999998E-03  9.9999993E-07  1.0000000E+00
 -4.9500000E-01 -2.4500000E-01 -4.9500000E-01 -1.2250000E+00  2.4750000E+00  0.0000000E+00 -6.9581379E+01  9.9999998E-03  9.9999993E-07  1.0000000E+00
 -4.9500000E-01 -2.3500001E-01 -4.9500000E-01 -1.1750001E+00  2.4750000E+00  0.0000000E+00 -7.0757545E+01  9.9999998E-03  9.9999993E-07  1.0000000E+00
 -4.9500000E-01 -2.2499999E-01 -4.9500000E-01 -1.1250000E+00  2.4750000E+00  0.0000000E+00 -7.1863842E+01  9.9999998E-03  9.9999993E-07  1.0000000E+00
 -4.9500000E-01 -2.1500000E-01 -4.9500000E-01 -1.0750000E+00  2.4750000E+00  0.0000000E+00 -7.2882438E+01  9.9999998E-03  9.9999993E-07  1.0000000E+00
 -4.9500000E-01 -2.0500001E-01 -4.9500000E-01 -1.0250001E+00  2.4750000E+00  0.0000000E+00 -7.3834450E+01  9.9999998E-03  9.9999993E-07  1.0000000E+00
 -4.9500000E-01 -1.9499999E-01 -4.9500000E-01 -9.7499996E-01  2.4750000E+00  0.0000000E+00 -7.4752025E+01  9.9999998E-03  9.9999993E-07  1.0000000E+00
 -4.9500000E-01 -1.8500000E-01 -4.9500000E-01 -9.2500001E-01  2.4750000E+00  0.0000000E+00 -7.5636750E+01  9.9999998E-03  9.9999993E-07  1.0000000E+00
 -4.9500000E-01 -1.7500001E-01 -4.9500000E-01 -8.7500006E-01  2.4750000E+00  0.0000000E+00 -7.6460999E+01  9.9999998E-03  9.9999993E-07  1.0000000E+00
 -4.9500000E-01 -1.6499999E-01 -4.9500000E-01 -8.2499996E-01  2.4750000E+00  0.0000000E+00 -7.7208475E+01  9.9999998E-03  9.9999993E-07  1.0000000E+00
 -4.9500000E-01 -1.5500000E-01 -4.9500000E-01 -7.7500001E-01  2.4750000E+00  0.0000000E+00 -7.7897630E+01  9.9999998E-03  9.9999993E-07  1.0000000E+00
 -4.9500000E-01 -1.4500001E-01 -4.9500000E-01 -7.2500005E-01  2.4750000E+00  0.0000000E+00 -7.8557019E+01  9.9999998E-03  9.9999993E-07  1.0000000E+00
 -4.9500000E-01 -1.3499999E-01 -4.9500000E-01 -6.7499995E-01  2.4750000E+00  0.0000000E+00 -7.9187676E+01  9.9999998E-03  9.9999993E-07  1.0000000E+00
 -4.9500000E-01 -1.2500000E-01 -4.9500000E-01 -6.2500000E-01  2.4750000E+00  0.0000000E+00 -7.9763960E+01  9.9999998E-03  9.9999993E-07  1.0000000E+00
 -4.9500000E-01 -1.1500001E-01 -4.9500000E-01 -5.7500005E-01  2.4750000E+00  0.0000000E+00 -8.0270516E+01  9.9999998E-03  9.9999993E-07  1.0000000E+00
 -4.9500000E-01 -1.0500002E-01 -4.9500000E-01 -5.2500010E-01  2.4750000E+00  0.0000000E+00 -8.0724075E+01  9.9999998E-03  9.9999993E-07  1.0000000E+00
 -4.9500000E-01 -9.4999999E-02 -4.9500000E-01 -4.7499999E-01  2.4750000E+00  0.0000000E+00 -8.1150879E+01  9.9999998E-03  9.9999993E-07  1.0000000E+00
 -4.9500000E-01 -8.5000008E-02 -4.9500000E-01 -4.2500004E-01  2.4750000E+00  0.0000000E+00 -8.1551553E+01  9.9999998E-03  9.9999993E-07  1.0000000E+00
 -4.9500000E-01 -7.5000018E-02 -4.9500000E-01 -3.7500009E-01  2.4750000E+00  0.0000000E+00 -8.1901617E+01  9.9999998E-03  9.9999993E-07  1.0000000E+00
 -4.9500000E-01 -6.4999998E-02 -4.9500000E-01 -3.2499999E-01  2.4750000E+00  0.0000000E+00 -8.2186206E+01  9.9999998E-03  9.9999993E-07  1.0000000E+00
 -4.9500000E-01 -5.5000007E-02 -4.9500000E-01 -2.7500004E-01  2.4750000E+00  0.0000000E+00 -8.2420951E+01  9.9999998E-03  9.9999993E-07  1.0000000E+00
 -4.9500000E-01 -4.5000017E-02 -4.9500000E-01 -2.2500008E-01  2.4750000E+00  0.0000000E+00 -8.2630679E+01  9.9999998E-03  9.9999993E-07  1.0000000E+00
 -4.9500000E-01 -3.4999996E-02 -4.9500000E-01 -1.7499998E-01  2.4750000E+00  0.0000000E+00 -8.2815688E+01  9.9999998E-03  9.9999993E-07  1.0000000E+00
 -4.9500000E-01 -2.5000006E-02 -4.9500000E-01 -1.2500003E-01  2.4750000E+00  0.0000000E+00 -8.2951981E+01  9.9999998E-03  9.9999993E-07  1.0000000E+00
 -4.9500000E-01 -1.5000015E-02 -4.9500000E-01 -7.5000077E-02  2.4750000E+00  0.0000000E+00 -8.3024809E+01  9.9999998E-03  9.9999993E-07  1.0000000E+00
 -4.9500000E-01 -4.9999952E-03 -4.9500000E-01 -2.4999976E-02  2.4750000E+00  0.0000000E+00 -8.3049170E+01  9.9999998E-03  9.9999993E-07  1.0000000E+00
 -4.9500000E-01  4.9999952E-03 -4.9500000E-01  2.4999976E-02  2.4750000E+00  0.0000000E+00 -8.3049170E+01  9.9999998E-03  9.9999993E-07  1.0000000E+00
 -4.9500000E-01  1.4999986E-02 -4.9500000E-01  7.4999928E-02  2.4750000E+00  0.0000000E+00 -8.3024809E+01  9.9999998E-03  9.9999993E-07  1.0000000E+00
 -4.9500000E-01  2.4999976E-02 -4.9500000E-01  1.2499988E-01  2.4750000E+00  0.0000000E+00 -8.2951981E+01  9.9999998E-03  9.9999993E-07  1.0000000E+00
 -4.9500000E-01  3.4999967E-02 -4.9500000E-01  1.7499983E-01  2.4750000E+00  0.0000000E+00 -8.2815688E+01  9.9999998E-03  9.9999993E-07  1.0000000E+00
 -4.9500000E-01  4.5000017E-02 -4.9500000E-01  2.2500008E-01  2.4750000E+00  0.0000000E+00 -8.2630679E+01  9.9999998E-03  9.9999993E-07  1.0000000E+00
 -4.9500000E-01  5.5000007E-02 -4.9500000E-01  2.7500004E-01  2.4750000E+00  0.0000000E+00 -8.2420950E+01  9.9999998E-03  9.9999993E-07  1.0000000E+00
 -4.9500000E-01  6.4999998E-02 -4.9500000E-01  3.2499999E-01  2.4750000E+00  0.0000000E+00 -8.2186205E+01  9.9999998E-03  9.9999993E-07  1.0000000E+00
 -4.9500000E-01  7.4999988E-02 -4.9500000E-01  3.7499994E-01  2.4750000E+00  0.0000000E+00 -8.1901617E+01  9.9999998E-03  9.9999993E-07  1.0000000E+00
 -4.9500000E-01  8.4999979E-02 -4.9500000E-01  4.2499989E-01  2.4750000E+00  0.0000000E+00 -8.1551553E+01  9.9999998E-03  9.9999993E-07  1.0000000E+00
 -4.9500000E-01  9.4999969E-02 -4.9500000E-01  4.7499985E-01  2.4750000E+00  0.0000000E+00 -8.1150879E+01  9.9999998E-03  9.9999993E-07  1.0000000E+00
 -4.9500000E-01  1.0500002E-01 -4.9500000E-01  5.2500010E-01  2.4750000E+00  0.0000000E+00 -8.0724073E+01  9.9999998E-03  9.9999993E-07  1.0000000E+00
 -4.9500000E-01  1.1500001E-01 -4.9500000E-01  5.7500005E-01  2.4750000E+00  0.0000000E+00 -8.0270514E+01  9.9999998E-03  9.9999993E-07  1.0000000E+00
 -4.9500000E-01  1.2500000E-01 -4.9500000E-01  6.2500000E-01  2.4750000E+00  0.0000000E+00 -7.9763959E+01  9.9999998E-03  9.9999993E-07  1.0000000E+00
 -4.9500000E-01  1.3499999E-01 -4.9500000E-01  6.7499995E-01  2.4750000E+00  0.0000000E+00 -7.9187675E+01  9.9999998E-03  9.9999993E-07  1.0000000E+00
 -4.9500000E-01  1.4499998E-01 -4.9500000E-01  7.2499990E-01  2.4750000E+00  0.0000000E+00 -7.8557019E+01  9.9999998E-03  9.9999993E-07  1.0000000E+00
 -4.9500000E-01  1.5499997E-01 -4.9500000E-01  7.7499986E-01  2.4750000E+00  0.0000000E+00 -7.7897630E+01  9.9999998E-03  9.9999993E-07  1.0000000E+00
 -4.9500000E-01  1.6500002E-01 -4.9500000E-01  8.2500011E-01  2.4750000E+00  0.0000000E+00 -7.7208471E+01  9.9999998E-03  9.9999993E-07  1.0000000E+00
 -4.9500000E-01  1.7500001E-01 -4.9500000E-01  8.7500006E-01  2.4750000E+00  0.0000000E+00 -7.6460996E+01  9.9999998E-03  9.9999993E-07  1.0000000E+00
 -4.9500000E-01  1.8500000E-01 -4.9500000E-01  9.2500001E-01  2.4750000E+00  0.0000000E+00 -7.5636747E+01  9.9999998E-03  9.9999993E-07  1.0000000E+00
 -4.9500000E-01  1.9499999E-01 -4.9500000E-01  9.7499996E-01  2.4750000E+00  0.0000000E+00 -7.4752023E+01  9.9999998E-03  9.9999993E-07  1.0000000E+00
 -4.9500000E-01  2.0499998E-01 -4.9500000E-01  1.0249999E+00  2.4750000E+00  0.0000000E+00 -7.3834450E+01  9.9999998E-03  9.9999993E-07  1.0000000E+00
 -4.9500000E-01  2.1499997E-01 -4.9500000E-01  1.0749999E+00  2.4750000E+00  0.0000000E+00 -7.2882438E+01  9.9999998E-03  9.9999993E-07  1.0000000E+00
 -4.9500000E-01  2.2500002E-01 -4.9500000E-01  1.1250001E+00  2.4750000E+00  0.0000000E+00 -7.1863836E+01  9.9999998E-03  9.9999993E-07  1.0000000E+00
 -4.9500000E-01  2.3500001E-01 -4.9500000E-01  1.1750001E+00  2.4750000E+00  0.0000000E+00 -7.0757541E+01  9.9999998E-03  9.9999993E-07  1.0000000E+00
 -4.9500000E-01  2.4500000E-01 -4.9500000E-01  1.2250000E+00  2.4750000E+00  0.0000000E+00 -6.9581376E+01  9.9999998E-03  9.9999993E-07  1.0000000E+00
 -4.9500000E-01  2.5500000E-01 -4.9500000E-01  1.2750000E+00  2.4750000E+00  0.0000000E+00 -6.8366119E+01  9.9999998E-03  9.9999993E-07  1.0000000E+00
 -4.9500000E-01  2.6499999E-01 -4.9500000E-01  1.3249999E+00  2.4750000E+00  0.0000000E+00 -6.7109320E+01  9.9999998E-03  9.9999993E-07  1.0000000E+00
 -4.9500000E-01  2.7499998E-01 -4.9500000E-01  1.3749999E+00  2.4750000E+00  0.0000000E+00 -6.5773186E+01  9.9999998E-03  9.9999993E-07  1.0000000E+00
 -4.9500000E-01  2.8499997E-01 -4.9500000E-01  1.4249998E+00  2.4750000E+00  0.0000000E+00 -6.4332385E+01  9.9999998E-03  9.9999993E-07  1.0000000E+00
 -4.9500000E-01  2.9500002E-01 -4.9500000E-01  1.4750001E+00  2.4750000E+00  0.0000000E+00 -6.2807106E+01  9.9999998E-03  9.9999993E-07  1.0000000E+00
 -4.9500000E-01  3.0500001E-01 -4.9500000E-01  1.5250000E+00  2.4750000E+00  0.0000000E+00 -6.1233099E+01  9.9999998E-03  9.9999993E-07  1.0000000E+00
 -4.9500000E-01  3.1500000E-01 -4.9500000E-01  1.5750000E+00  2.4750000E+00  0.0000000E+00 -5.9606384E+01  9.9999998E-03  9.9999993E-07  1.0000000E+00
 -4.9500000E-01  3.2499999E-01 -4.9500000E-01  1.6249999E+00  2.4750000E+00  0.0000000E+00 -5.7879771E+01  9.9999998E-03  9.9999993E-07  1.0000000E+00
 -4.9500000E-01  3.3499998E-01 -4.9500000E-01  1.6749999E+00  2.4750000E+00  0.0000000E+00 -5.6020717E+01  9.9999998E-03  9.9999993E-07  1.0000000E+00
 -4.9500000E-01  3.4499997E-01 -4.9500000E-01  1.7249998E+00  2.4750000E+00  0.0000000E+00 -5.4053105E+01  9.9999998E-03  9.9999993E-07  1.0000000E+00
 -4.9500000E-01  3.5500002E-01 -4.9500000E-01  1.7750001E+00  2.4750000E+00  0.0000000E+00 -5.2020727E+01  9.9999998E-03  9.9999993E-07  1.0000000E+00
 -4.9500000E-01  3.6500001E-01 -4.9500000E-01  1.8250000E+00  2.4750000E+00  0.0000000E+00 -4.9916420E+01  9.9999998E-03  9.9999993E-07  1.0000000E+00
 -4.9500000E-01  3.7500000E-01 -4.9500000E-01  1.8750000E+00  2.4750000E+00  0.0000000E+00 -4.7675384E+01  9.9999998E-03  9.9999993E-07  1.0000000E+00
 -4.9500000E-01  3.8499999E-01 -4.9500000E-01  1.9250000E+00  2.4750000E+00  0.0000000E+00 -4.5250826E+01  9.9999998E-03  9.9999993E-07  1.0000000E+00
 -4.9500000E-01  3.9499998E-01 -4.9500000E-01  1.9749999E+00  2.4750000E+00  0.0000000E+00 -4.2672431E+01  9.9999998E-03  9.9999993E-07  1.0000000E+00
 -4.9500000E-01  4.0499997E-01 -4.9500000E-01  2.0249999E+00  2.4750000E+00  0.0000000E+00 -3.9998283E+01  9.9999998E-03  9.9999993E-07  1.0000000E+00
 -4.9500000E-01  4.1500002E-01 -4.9500000E-01  2.0750001E+00  2.4750000E+00  0.0000000E+00 -3.7212007E+01  9.9999998E-03  9.9999993E-07  1.0000000E+00
 -4.9500000E-01  4.2500001E-01 -4.9500000E-01  2.1250001E+00  2.4750000E+00  0.0000000E+00 -3.4206836E+01  9.9999998E-03  9.9999993E-07  1.0000000E+00
 -4.9500000E-01  4.3500000E-01 -4.9500000E-01  2.1750000E+00  2.4750000E+00  0.0000000E+00 -3.0897882E+01  9.9999998E-03  9.9999993E-07  1.0000000E+00
 -4.9500000E-01  4.4499999E-01 -4.9500000E-01  2.2250000E+00  2.4750000E+00  0.0000000E+00 -2.7322256E+01  9.9999998E-03  9.9999993E-07  1.0000000E+00
 -4.9500000E-01  4.5499998E-01 -4.9500000E-01  2.2749999E+00  2.4750000E+00  0.0000000E+00 -2.3565679E+01  9.9999998E-03  9.9999993E-07  1.0000000E+00
 -4.9500000E-01  4.6499997E-01 -4.9500000E-01  2.3249999E+00  2.4750000E+00  0.0000000E+00 -1.9561707E+01  9.9999998E-03  9.9999993E-07  1.0000000E+00
 -4.9500000E-01  4.7500002E-01 -4.9500000E-01  2.3750001E+00  2.4750000E+00  0.0000000E+00 -1.5011041E+01  9.9999998E-03  9.9999993E-07  1.0000000E+00
 -4.9500000E-01  4.8500001E-01 -4.9500000E-01  2.4250001E+00  2.4750000E+00  0.0000000E+00 -9.5921803E+00  9.9999998E-03  9.9999993E-07  1.0000000E+00
 -4.9500000E-01  4.9500000E-01 -4.9500000E-01  2.4750000E+00  2.4750000E+00  0.0000000E+00 -3.3177677E+00  9.9999998E-03  9.9999993E-07  1.0000000E+00
 -4.8500001E-01 -4.9500000E-01 -4.9500000E-01 -2.4750000E+00  2.4250001E+00  0.0000000E+00 -9.5921967E+00  9.9999998E-03  9.9999993E-07  1.0000000E+00
 -4.8500001E-01 -4.8500001E-01 -4.9500000E-01 -2.4250001E+00  2.4250001E+00  0.0000000E+00 -2.7803767E+01  9.9999998E-03  9.9999993E-07  1.0000000E+00
 -4.8500001E-01 -4.7499999E-01 -4.9500000E-01 -2.3750000E+00  2.4250001E+00  0.0000000E+00 -4.3700511E+01  9.9999998E-03  9.9999993E-07  1.0000000E+00
 -4.8500001E-01 -4.6500000E-01 -4.9500000E-01 -2.3250000E+00  2.4250001E+00  0.0000000E+00 -5.7219063E+01  9.9999998E-03  9.9999993E-07  1.0000000E+00
 -4.8500001E-01 -4.5500001E-01 -4.9500000E-01 -2.2750001E+00  2.4250001E+00  0.0000000E+00 -6.9192080E+01  9.9999998E-03  9.9999993E-07  1.0000000E+00
 -4.8500001E-01 -4.4499999E-01 -4.9500000E-01 -2.2250000E+00  2.4250001E+00  0.0000000E+00 -8.0410001E+01  9.9999998E-03  9.9999993E-07  1.0000000E+00
 -4.8500001E-01 -4.3500000E-01 -4.9500000E-01 -2.1750000E+00  2.4250001E+00  0.0000000E+00 -9.1060621E+01  9.9999998E-03  9.9999993E-07  1.0000000E+00
 -4.8500001E-01 -4.2500001E-01 -4.9500000E-01 -2.1250001E+00  2.4250001E+00  0.0000000E+00 -1.0093237E+02  9.9999998E-03  9.9999993E-07  1.0000000E+00
 -4.8500001E-01 -4.1500002E-01 -4.9500000E-01 -2.0750001E+00  2.4250001E+00  0.0000000E+00 -1.0993658E+02  9.9999998E-03  9.9999993E-07  1.0000000E+00
 -4.8500001E-01 -4.0500000E-01 -4.9500000E-01 -2.0250000E+00  2.4250001E+00  0.0000000E+00 -1.1830093E+02  9.9999998E-03  9.9999993E-07  1.0000000E+00
 -4.8500001E-01 -3.9500001E-01 -4.9500000E-01 -1.9750001E+00  2.4250001E+00  0.0000000E+00 -1.2631015E+02  9.9999998E-03  9.9999993E-07  1.0000000E+00
 -4.8500001E-01 -3.8499999E-01 -4.9500000E-01 -1.9250000E+00  2.4250001E+00  0.0000000E+00 -1.3401300E+02  9.9999998E-03  9.9999993E-07  1.0000000E+00
 -4.8500001E-01 -3.7500000E-01 -4.9500000E-01 -1.8750000E+00  2.4250001E+00  0.0000000E+00 -1.4126286E+02  9.9999998E-03  9.9999993E-07  1.0000000E+00
 -4.8500001E-01 -3.6500001E-01 -4.9500000E-01 -1.8250000E+00  2.4250001E+00  0.0000000E+00 -1.4798594E+02  9.9999998E-03  9.9999993E-07  1.0000000E+00
 -4.8500001E-01 -3.5500002E-01 -4.9500000E-01 -1.7750001E+00  2.4250001E+00  0.0000000E+00 -1.5430716E+02  9.9999998E-03  9.9999993E-07  1.0000000E+00
 -4.8500001E-01 -3.4500000E-01 -4.9500000E-01 -1.7250000E+00  2.4250001E+00  0.0000000E+00 -1.6039841E+02  9.9999998E-03  9.9999993E-07  1.0000000E+00
 -4.8500001E-01 -3.3500001E-01 -4.9500000E-01 -1.6750000E+00  2.4250001E+00  0.0000000E+00 -1.6628128E+02  9.9999998E-03  9.9999993E-07  1.0000000E+00
 -4.8500001E-01 -3.2499999E-01 -4.9500000E-01 -1.6249999E+00  2.4250001E+00  0.0000000E+00 -1.7184404E+02  9.9999998E-03  9.9999993E-07  1.0000000E+00
 -4.8500001E-01 -3.1500000E-01 -4.9500000E-01 -1.5750000E+00  2.4250001E+00  0.0000000E+00 -1.7702628E+02  9.9999998E-03  9.9999993E-07  1.0000000E+00
 -4.8500001E-01 -3.0500001E-01 -4.9500000E-01 -1.5250000E+00  2.4250001E+00  0.0000000E+00 -1.8191445E+02  9.9999998E-03  9.9999993E-07  1.0000000E+00
 -4.8500001E-01 -2.9500002E-01 -4.9500000E-01 -1.4750001E+00  2.4250001E+00  0.0000000E+00 -1.8663321E+02  9.9999998E-03  9.9999993E-07  1.0000000E+00
 -4.8500001E-01 -2.8500003E-01 -4.9500000E-01 -1.4250001E+00  2.4250001E+00  0.0000000E+00 -1.9119455E+02  9.9999998E-03  9.9999993E-07  1.0000000E+00
 -4.8500001E-01 -2.7500001E-01 -4.9500000E-01 -1.3750000E+00  2.4250001E+00  0.0000000E+00 -1.9550677E+02  9.9999998E-03  9.9999993E-07  1.0000000E+00
 -4.8500001E-01 -2.6499999E-01 -4.9500000E-01 -1.3249999E+00  2.4250001E+00  0.0000000E+00 -1.9951831E+02  9.9999998E-03  9.9999993E-07  1.0000000E+00
 -4.8500001E-01 -2.5500000E-01 -4.9500000E-01 -1.2750000E+00  2.4250001E+00  0.0000000E+00 -2.0329618E+02  9.9999998E-03  9.9999993E-07  1.0000000E+00
 -4.8500001E-01 -2.4500000E-01 -4.9500000E-01 -1.2250000E+00  2.4250001E+00  0.0000000E+00 -2.0693993E+02  9.9999998E-03  9.9999993E-07  1.0000000E+00
 -4.8500001E-01 -2.3500001E-01 -4.9500000E-01 -1.1750001E+00  2.4250001E+00  0.0000000E+00 -2.1045695E+02  9.9999998E-03  9.9999993E-07  1.0000000E+00
 -4.8500001E-01 -2.2499999E-01 -4.9500000E-01 -1.1250000E+00  2.4250001E+00  0.0000000E+00 -2.1376795E+02  9.9999998E-03  9.9999993E-07  1.0000000E+00
 -4.8500001E-01 -2.1500000E-01 -4.9500000E-01 -1.0750000E+00  2.4250001E+00  0.0000000E+00 -2.1682714E+02  9.9999998E-03  9.9999993E-07  1.0000000E+00
 -4.8500001E-01 -2.0500001E-01 -4.9500000E-01 -1.0250001E+00  2.4250001E+00  0.0000000E+00 -2.1969021E+02  9.9999998E-03  9.9999993E-07  1.0000000E+00
 -4.8500001E-01 -1.9499999E-01 -4.9500000E-01 -9.7499996E-01  2.4250001E+00  0.0000000E+00 -2.2244161E+02  9.9999998E-03  9.9999993E-07  1.0000000E+00
 -4.8500001E-01 -1.8500000E-01 -4.9500000E-01 -9.2500001E-01  2.4250001E+00  0.0000000E+00 -2.2508615E+02  9.9999998E-03  9.9999993E-07  1.0000000E+00
 -4.8500001E-01 -1.7500001E-01 -4.9500000E-01 -8.7500006E-01  2.4250001E+00  0.0000000E+00 -2.2755241E+02  9.9999998E-03  9.9999993E-07  1.0000000E+00
 -4.8500001E-01 -1.6499999E-01 -4.9500000E-01 -8.2499996E-01  2.4250001E+00  0.0000000E+00 -2.2979839E+02  9.9999998E-03  9.9999993E-07  1.0000000E+00
 -4.8500001E-01 -1.5500000E-01 -4.9500000E-01 -7.7500001E-01  2.4250001E+00  0.0000000E+00 -2.3187261E+02  9.9999998E-03  9.9999993E-07  1.0000000E+00
 -4.8500001E-01 -1.4500001E-01 -4.9500000E-01 -7.2500005E-01  2.4250001E+00  0.0000000E+00 -2.3384991E+02  9.9999998E-03  9.9999993E-07  1.0000000E+00
 -4.8500001E-01 -1.3499999E-01 -4.9500000E-01 -6.7499995E-01  2.4250001E+00  0.0000000E+00 -2.3573344E+02  9.9999998E-03  9.9999993E-07  1.0000000E+00
 -4.8500001E-01 -1.2500000E-01 -4.9500000E-01 -6.2500000E-01  2.4250001E+00  0.0000000E+00 -2.3745674E+02  9.9999998E-03  9.9999993E-07  1.0000000E+00
 -4.8500001E-01 -1.1500001E-01 -4.9500000E-01 -5.7500005E-01  2.4250001E+00  0.0000000E+00 -2.3898010E+02  9.9999998E-03  9.9999993E-07  1.0000000E+00
 -4.8500001E-01 -1.0500002E-01 -4.9500000E-01 -5.2500010E-01  2.4250001E+00  0.0000000E+00 -2.4034739E+02  9.9999998E-03  9.9999993E-07  1.0000000E+00
 -4.8500001E-01 -9.4999999E-02 -4.9500000E-01 -4.7499999E-01  2.4250001E+00  0.0000000E+00 -2.4162728E+02  9.9999998E-03  9.9999993E-07  1.0000000E+00
 -4.8500001E-01 -8.5000008E-02 -4.9500000E-01 -4.2500004E-01  2.4250001E+00  0.0000000E+00 -2.4282166E+02  9.9999998E-03  9.9999993E-07  1.0000000E+00
 -4.8500001E-01 -7.5000018E-02 -4.9500000E-01 -3.7500009E-01  2.4250001E+00  0.0000000E+00 -2.4386694E+02  9.9999998E-03  9.9999993E-07  1.0000000E+00
 -4.8500001E-01 -6.4999998E-02 -4.9500000E-01 -3.2499999E-01  2.4250001E+00  0.0000000E+00 -2.4472458E+02  9.9999998E-03  9.9999993E-07  1.0000000E+00
 -4.8500001E-01 -5.5000007E-02 -4.9500000E-01 -2.7500004E-01  2.4250001E+00  0.0000000E+00 -2.4543545E+02  9.9999998E-03  9.9999993E-07  1.0000000E+00
 -4.8500001E-01 -4.5000017E-02 -4.9500000E-01 -2.2500008E-01  2.4250001E+00  0.0000000E+00 -2.4606438E+02  9.9999998E-03  9.9999993E-07  1.0000000E+00
 -4.8500001E-01 -3.4999996E-02 -4.9500000E-01 -1.7499998E-01  2.4250001E+00  0.0000000E+00 -2.4661229E+02  9.9999998E-03  9.9999993E-07  1.0000000E+00
 -4.8500001E-01 -2.5000006E-02 -4.9500000E-01 -1.2500003E-01  2.4250001E+00  0.0000000E+00 -2.4701673E+02  9.9999998E-03  9.9999993E-07  1.0000000E+00
 -4.8500001E-01 -1.5000015E-02 -4.9500000E-01 -7.5000077E-02  2.4250001E+00  0.0000000E+00 -2.4723932E+02  9.9999998E-03  9.9999993E-07  1.0000000E+00
 -4.8500001E-01 -4.9999952E-03 -4.9500000E-01 -2.4999976E-02  2.4250001E+00  0.0000000E+00 -2.4731919E+02  9.9999998E-03  9.9999993E-07  1.0000000E+00
 -4.8500001E-01  4.9999952E-03 -4.9500000E-01  2.4999976E-02  2.4250001E+00  0.0000000E+00 -2.4731919E+02  9.9999998E-03  9.9999993E-07  1.0000000E+00
 -4.8500001E-01  1.4999986E-02 -4.9500000E-01  7.4999928E-02  2.4250001E+00  0.0000000E+00 -2.4723932E+02  9.9999998E-03  9.9999993E-07  1.0000000E+00
 -4.8500001E-01  2.4999976E-02 -4.9500000E-01  1.2499988E-01  2.4250001E+00  0.0000000E+00 -2.4701673E+02  9.9999998E-03  9.9999993E-07  1.0000000E+00
 -4.8500001E-01  3.4999967E-02 -4.9500000E-01  1.7499983E-01  2.4250001E+00  0.0000000E+00 -2.4661229E+02  9.9999998E-03  9.9999993E-07  1.0000000E+00
 -4.8500001E-01  4.5000017E-02 -4.9500000E-01  2.2500008E-01  2.4250001E+00  0.0000000E+00 -2.4606438E+02  9.9999998E-03  9.9999993E-07  1.0000000E+00
 -4.8500001E-01  5.5000007E-02 -4.9500000E-01  2.7500004E-01  2.4250001E+00  0.0000000E+00 -2.4543544E+02  9.9999998E-03  9.9999993E-07  1.0000000E+00
 -4.8500001E-01  6.4999998E-02 -4.9500000E-01  3.2499999E-01  2.4250001E+00  0.0000000E+00 -2.4472458E+02  9.9999998E-03  9.9999993E-07  1.0000000E+00
 -4.8500001E-01  7.4999988E-02 -4.9500000E-01  3.7499994E-01  2.4250001E+00  0.0000000E+00 -2.4386694E+02  9.9999998E-03  9.9999993E-07  1.0000000E+00
 -4.8500001E-01  8.4999979E-02 -4.9500000E-01  4.2499989E-01  2.4250001E+00  0.0000000E+00 -2.4282166E+02  9.9999998E-03  9.9999993E-07  1.0000000E+00
 -4.8500001E-01  9.4999969E-02 -4.9500000E-01  4.7499985E-01  2.4250001E+00  0.0000000E+00 -2.4162728E+02  9.9999998E-03  9.9999993E-07  1.0000000E+00
 -4.8500001E-01  1.0500002E-01 -4.9500000E-01  5.2500010E-01  2.4250001E+00  0.0000000E+00 -2.4034739E+02  9.9999998E-03  9.9999993E-07  1.0000000E+00
 -4.8500001E-01  1.1500001E-01 -4.9500000E-01  5.7500005E-01  2.4250001E+00  0.0000000E+00 -2.3898010E+02  9.9999998E-03  9.9999993E-07  1.0000000E+00
 -4.8500001E-01  1.2500000E-01 -4.9500000E-01  6.2500000E-01  2.4250001E+00  0.0000000E+00 -2.3745674E+02  9.9999998E-03  9.9999993E-07  1.0000000E+00
 -4.8500001E-01  1.3499999E-01 -4.9500000E-01  6.7499995E-01  2.4250001E+00  0.0000000E+00 -2.3573343E+02  9.9999998E-03  9.9999993E-07  1.0000000E+00
 -4.8500001E-01  1.4499998E-01 -4.9500000E-01  7.2499990E-01  2.4250001E+00  0.0000000E+00 -2.3384991E+02  9.9999998E-03  9.9999993E-07  1.0000000E+00
 -4.8500001E-01  1.5499997E-01 -4.9500000E-01  7.7499986E-01  2.4250001E+00  0.0000000E+00 -2.3187261E+02  9.9999998E-03  9.9999993E-07  1.0000000E+00
 -4.8500001E-01  1.6500002E-01 -4.9500000E-01  8.2500011E-01  2.4250001E+00  0.0000000E+00 -2.2979838E+02  9.9999998E-03  9.9999993E-07  1.0000000E+00
 -4.8500001E-01  1.7500001E-01 -4.9500000E-01  8.7500006E-01  2.4250001E+00  0.0000000E+00 -2.2755240E+02  9.9999998E-03  9.9999993E-07  1.0000000E+00
 -4.8500001E-01  1.8500000E-01 -4.9500000E-01  9.2500001E-01  2.4250001E+00  0.0000000E+00 -2.2508614E+02  9.9999998E-03  9.9999993E-07  1.0000000E+00
 -4.8500001E-01  1.9499999E-01 -4.9500000E-01  9.7499996E-01  2.4250001E+00  0.0000000E+00 -2.2244160E+02  9.9999998E-03  9.9999993E-07  1.0000000E+00
 -4.8500001E-01  2.0499998E-01 -4.9500000E-01  1.0249999E+00  2.4250001E+00  0.0000000E+00 -2.1969021E+02  9.9999998E-03  9.9999993E-07  1.0000000E+00
 -4.8500001E-01  2.1499997E-01 -4.9500000E-01  1.0749999E+00  2.4250001E+00  0.0000000E+00 -2.1682714E+02  9.9999998E-03  9.9999993E-07  1.0000000E+00
 -4.8500001E-01  2.2500002E-01 -4.9500000E-01  1.1250001E+00  2.4250001E+00  0.0000000E+00 -2.1376793E+02  9.9999998E-03  9.9999993E-07  1.0000000E+00
 -4.8500001E-01  2.3500001E-01 -4.9500000E-01  1.1750001E+00  2.4250001E+00  0.0000000E+00 -2.1045694E+02  9.9999998E-03  9.9999993E-07  1.0000000E+00
 -4.8500001E-01  2.4500000E-01 -4.9500000E-01  1.2250000E+00  2.4250001E+00  0.0000000E+00 -2.0693992E+02  9.9999998E-03  9.9999993E-07  1.0000000E+00
 -4.8500001E-01  2.5500000E-01 -4.9500000E-01  1.2750000E+00  2.4250001E+00  0.0000000E+00 -2.0329617E+02  9.9999998E-03  9.9999993E-07  1.0000000E+00
 -4.8500001E-01  2.6499999E-01 -4.9500000E-01  1.3249999E+00  2.4250001E+00  0.0000000E+00 -1.9951830E+02  9.9999998E-03  9.9999993E-07  1.0000000E+00
 -4.8500001E-01  2.7499998E-01 -4.9500000E-01  1.3749999E+00  2.4250001E+00  0.0000000E+00 -1.9550677E+02  9.9999998E-03  9.9999993E-07  1.0000000E+00
 -4.8500001E-01  2.8499997E-01 -4.9500000E-01  1.4249998E+00  2.4250001E+00  0.0000000E+00 -1.9119457E+02  9.9999998E-03  9.9999993E-07  1.0000000E+00
 -4.8500001E-01  2.9500002E-01 -4.9500000E-01  1.4750001E+00  2.4250001E+00  0.0000000E+00 -1.8663320E+02  9.9999998E-03  9.9999993E-07  1.0000000E+00
 -4.8500001E-01  3.0500001E-01 -4.9500000E-01  1.5250000E+00  2.4250001E+00  0.0000000E+00 -1.8191444E+02  9.9999998E-03  9.9999993E-07  1.0000000E+00
 -4.8500001E-01  3.1500000E-01 -4.9500000E-01  1.5750000E+00  2.4250001E+00  0.0000000E+00 -1.7702627E+02  9.9999998E-03  9.9999993E-07  1.0000000E+00
 -4.8500001E-01  3.2499999E-01 -4.9500000E-01  1.6249999E+00  2.4250001E+00  0.0000000E+00 -1.7184403E+02  9.9999998E-03  9.9999993E-07  1.0000000E+00
 -4.8500001E-01  3.3499998E-01 -4.9500000E-01  1.6749999E+00  2.4250001E+00  0.0000000E+00 -1.6628128E+02  9.9999998E-03  9.9999993E-07  1.0000000E+00
 -4.8500001E-01  3.4499997E-01 -4.9500000E-01  1.7249998E+00  2.4250001E+00  0.0000000E+00 -1.6039841E+02  9.9999998E-03  9.9999993E-07  1.0000000E+00
 -4.8500001E-01  3.5500002E-01 -4.9500000E-01  1.7750001E+00  2.4250001E+00  0.0000000E+00 -1.5430715E+02  9.9999998E-03  9.9999993E-07  1.0000000E+00
 -4.8500001E-01  3.6500001E-01 -4.9500000E-01  1.8250000E+00  2.4250001E+00  0.0000000E+00 -1.4798592E+02  9.9999998E-03  9.9999993E-07  1.0000000E+00
 -4.8500001E-01  3.7500000E-01 -4.9500000E-01  1.8750000E+00  2.4250001E+00  0.0000000E+00 -1.4126284E+02  9.9999998E-03  9.9999993E-07  1.0000000E+00
 -4.8500001E-01  3.8499999E-01 -4.9500000E-01  1.9250000E+00  2.4250001E+00  0.0000000E+00 -1.3401297E+02  9.9999998E-03  9.9999993E-07  1.0000000E+00
 -4.8500001E-01  3.9499998E-01 -4.9500000E-01  1.9749999E+00  2.4250001E+00  0.0000000E+00 -1.2631015E+02  9.9999998E-03  9.9999993E-07  1.0000000E+00
 -4.8500001E-01  4.0499997E-01 -4.9500000E-01  2.0249999E+00  2.4250001E+00  0.0000000E+00 -1.1830093E+02  9.9999998E-03  9.9999993E-07  1.0000000E+00
 -4.8500001E-01  4.1500002E-01 -4.9500000E-01  2.0750001E+00  2.4250001E+00  0.0000000E+00 -1.0993656E+02  9.9999998E-03  9.9999993E-07  1.0000000E+00
 -4.8500001E-01  4.2500001E-01 -4.9500000E-01  2.1250001E+00  2.4250001E+00  0.0000000E+00 -1.0093235E+02  9.9999998E-03  9.9999993E-07  1.0000000E+00
 -4.8500001E-01  4.3500000E-01 -4.9500000E-01  2.1750000E+00  2.4250001E+00  0.0000000E+00 -9.1060593E+01  9.9999998E-03  9.9999993E-07  1.0000000E+00
 -4.8500001E-01  4.4499999E-01 -4.9500000E-01  2.2250000E+00  2.4250001E+00  0.0000000E+00 -8.0409971E+01  9.9999998E-03  9.9999993E-07  1.0000000E+00
 -4.8500001E-01  4.5499998E-01 -4.9500000E-01  2.2749999E+00  2.4250001E+00  0.0000000E+00 -6.9192082E+01  9.9999998E-03  9.9999993E-07  1.0000000E+00
 -4.8500001E-01  4.6499997E-01 -4.9500000E-01  2.3249999E+00  2.4250001E+00  0.0000000E+00 -5.7219065E+01  9.9999998E-03  9.9999993E-07  1.0000000E+00
 -4.8500001E-01  4.7500002E-01 -4.9500000E-01  2.3750001E+00  2.4250001E+00  0.0000000E+00 -4.3700427E+01  9.9999998E-03  9.9999993E-07  1.0000000E+00
 -4.8500001E-01  4.8500001E-01 -4.9500000E-01  2.4250001E+00  2.4250001E+00  0.0000000E+00 -2.7803719E+01  9.9999998E-03  9.9999993E-07  1.0000000E+00
 -4.8500001E-01  4.9500000E-01 -4.9500000E-01  2.4750000E+00  2.4250001E+00  0.0000000E+00 -9.5921438E+00  9.9999998E-03  9.9999993E-07  1.0000000E+00
 -4.7499999E-01 -4.9500000E-01 -4.9500000E-01 -2.4750000E+00  2.3750000E+00  0.0000000E+00 -1.5011070E+01  9.9999998E-03  9.9999993E-07  1.0000000E+00
 -4.7499999E-01 -4.8500001E-01 -4.9500000E-01 -2.4250001E+00  2.3750000E+00  0.0000000E+00 -4.3700511E+01  9.9999998E-03  9.9999993E-07  1.0000000E+00
 -4.7499999E-01 -4.7499999E-01 -4.9500000E-01 -2.3750000E+00  2.3750000E+00  0.0000000E+00 -6.9190652E+01  9.9999998E-03  9.9999993E-07  1.0000000E+00
 -4.7499999E-01 -4.6500000E-01 -4.9500000E-01 -2.3250000E+00  2.3750000E+00  0.0000000E+00 -9.1315148E+01  9.9999998E-03  9.9999993E-07  1.0000000E+00
 -4.7499999E-01 -4.5500001E-01 -4.9500000E-01 -2.2750001E+00  2.3750000E+00  0.0000000E+00 -1.1112258E+02  9.9999998E-03  9.9999993E-07  1.0000000E+00
 -4.7499999E-01 -4.4499999E-01 -4.9500000E-01 -2.2250000E+00  2.3750000E+00  0.0000000E+00 -1.2965128E+02  9.9999998E-03  9.9999993E-07  1.0000000E+00
 -4.7499999E-01 -4.3500000E-01 -4.9500000E-01 -2.1750000E+00  2.3750000E+00  0.0000000E+00 -1.4718043E+02  9.9999998E-03  9.9999993E-07  1.0000000E+00
 -4.7499999E-01 -4.2500001E-01 -4.9500000E-01 -2.1250001E+00  2.3750000E+00  0.0000000E+00 -1.6347110E+02  9.9999998E-03  9.9999993E-07  1.0000000E+00
 -4.7499999E-01 -4.1500002E-01 -4.9500000E-01 -2.0750001E+00  2.3750000E+00  0.0000000E+00 -1.7843203E+02  9.9999998E-03  9.9999993E-07  1.0000000E+00
 -4.7499999E-01 -4.0500000E-01 -4.9500000E-01 -2.0250000E+00  2.3750000E+00  0.0000000E+00 -1.9237302E+02  9.9999998E-03  9.9999993E-07  1.0000000E+00
 -4.7499999E-01 -3.9500001E-01 -4.9500000E-01 -1.9750001E+00  2.3750000E+00  0.0000000E+00 -2.0567671E+02  9.9999998E-03  9.9999993E-07  1.0000000E+00
 -4.7499999E-01 -3.8499999E-01 -4.9500000E-01 -1.9250000E+00  2.3750000E+00  0.0000000E+00 -2.1842264E+02  9.9999998E-03  9.9999993E-07  1.0000000E+00
 -4.7499999E-01 -3.7500000E-01 -4.9500000E-01 -1.8750000E+00  2.3750000E+00  0.0000000E+00 -2.3043676E+02  9.9999998E-03  9.9999993E-07  1.0000000E+00
 -4.7499999E-01 -3.6500001E-01 -4.9500000E-01 -1.8250000E+00  2.3750000E+00  0.0000000E+00 -2.4163480E+02  9.9999998E-03  9.9999993E-07  1.0000000E+00
 -4.7499999E-01 -3.5500002E-01 -4.9500000E-01 -1.7750001E+00  2.3750000E+00  0.0000000E+00 -2.5218540E+02  9.9999998E-03  9.9999993E-07  1.0000000E+00
 -4.7499999E-01 -3.4500000E-01 -4.9500000E-01 -1.7250000E+00  2.3750000E+00  0.0000000E+00 -2.6231730E+02  9.9999998E-03  9.9999993E-07  1.0000000E+00
 -4.7499999E-01 -3.3500001E-01 -4.9500000E-01 -1.6750000E+00  2.3750000E+00  0.0000000E+00 -2.7206645E+02  9.9999998E-03  9.9999993E-07  1.0000000E+00
 -4.7499999E-01 -3.2499999E-01 -4.9500000E-01 -1.6249999E+00  2.3750000E+00  0.0000000E+00 -2.8129675E+02  9.9999998E-03  9.9999993E-07  1.0000000E+00
 -4.7499999E-01 -3.1500000E-01 -4.9500000E-01 -1.5750000E+00  2.3750000E+00  0.0000000E+00 -2.8993626E+02  9.9999998E-03  9.9999993E-07  1.0000000E+00
 -4.7499999E-01 -3.0500001E-01 -4.9500000E-01 -1.5250000E+00  2.3750000E+00  0.0000000E+00 -2.9810044E+02  9.9999998E-03  9.9999993E-07  1.0000000E+00
 -4.7499999E-01 -2.9500002E-01 -4.9500000E-01 -1.4750001E+00  2.3750000E+00  0.0000000E+00 -3.0595379E+02  9.9999998E-03  9.9999993E-07  1.0000000E+00
 -4.7499999E-01 -2.8500003E-01 -4.9500000E-01 -1.4250001E+00  2.3750000E+00  0.0000000E+00 -3.1351639E+02  9.9999998E-03  9.9999993E-07  1.0000000E+00
 -4.7499999E-01 -2.7500001E-01 -4.9500000E-01 -1.3750000E+00  2.3750000E+00  0.0000000E+00 -3.2067490E+02  9.9999998E-03  9.9999993E-07  1.0000000E+00
 -4.7499999E-01 -2.6499999E-01 -4.9500000E-01 -1.3249999E+00  2.3750000E+00  0.0000000E+00 -3.2736657E+02  9.9999998E-03  9.9999993E-07  1.0000000E+00
 -4.7499999E-01 -2.5500000E-01 -4.9500000E-01 -1.2750000E+00  2.3750000E+00  0.0000000E+00 -3.3368013E+02  9.9999998E-03  9.9999993E-07  1.0000000E+00
 -4.7499999E-01 -2.4500000E-01 -4.9500000E-01 -1.2250000E+00  2.3750000E+00  0.0000000E+00 -3.3974604E+02  9.9999998E-03  9.9999993E-07  1.0000000E+00
 -4.7499999E-01 -2.3500001E-01 -4.9500000E-01 -1.1750001E+00  2.3750000E+00  0.0000000E+00 -3.4557677E+02  9.9999998E-03  9.9999993E-07  1.0000000E+00